48.2560004095745
48.3950687930003
48.5118902648766
48.5077730424646
48.6339604378846
48.4586349239201
48.2348282866861
48.3740160663993
48.4097524920373
48.3245868003824
48.3815478300563
48.5179770986281
48.4980374624767
48.3375665588572
48.5248823475494
48.5351653457286
48.3565924863151
48.3541868789329
48.5487891018039
48.4695375249655
48.47094918026
48.5224219462899
48.4887405501141
48.2830601231883
48.4062264510146
48.3203642130184
48.2566878579856
48.2766181086822
48.2440975313005
48.2670884080998
48.3598355091919
48.3893728183253
48.4320649479019
48.3445875820405
48.3473054672773
48.2119811471562
48.4474909974187
48.2738721061482
48.4521558804205
48.3838587189731
48.4063863145117
48.4255721337894
48.2773305769368
48.4326196095091
48.3660689827573
48.1934740126704
48.2333638867997
48.4187100950444
48.3659268753085
48.4584043594518
48.5085981332631
48.2355232772205
48.3995960369289
48.476826710339
48.4141153942684
48.3404306057845
