45.1844569252604
45.0137423365686
45.199700182352
45.0625505376416
44.9701729643607
45.2985804357673
45.0229022039357
45.1838291110398
44.7759856960533
45.0070100765144
45.1729711527015
45.1564745041974
45.150059505775
45.0981094609282
45.0135971362532
45.1564243203515
45.190578482194
45.0243875721632
45.1068932106854
45.0803377635051
45.0100721388068
44.9531368652283
44.9162955729374
45.2126596562433
45.1177062883849
45.0508946635889
45.0235997461587
45.1610303549
45.0404754509241
45.127071077416
45.0875237877096
45.0894695428668
45.0100267870836
45.0354192768113
45.0812724456196
45.1013647673213
45.1045459942822
45.0650585445704
45.1630861508311
45.1991715343902
45.1316013909742
45.1120809072728
44.9615829765342
45.0739432923188
44.9925441129793
45.1765235197592
44.9280127819544
45.3181452656092
45.0804763628727
45.0184938212873
45.1505797946628
45.0408930320029
45.007796739328
44.9658226931554
45.1255459048218
45.0316993001103
