39.0779139211371
39.1093868709641
39.2004786968851
39.1823476745281
39.0510333901387
39.2258075291521
39.2023526022419
39.211934047228
39.2428747741867
39.3294370866802
39.2393695874088
39.1520260525548
39.5386882378731
39.0939533041977
39.3243664383125
39.2182167565622
39.300219657285
39.3659107864842
39.2032217188232
39.2223843124842
39.2289543258014
39.2763000478862
39.1016116564017
39.2036524642622
39.2174355813991
39.2567428884939
39.25233887886
39.1129946172909
39.2340940893298
39.1967240901783
39.2507882311337
39.1996738980387
39.233523020668
39.1612324152015
39.3608222841303
39.2546310229027
39.0853457319087
39.2611221645107
39.1589864234345
39.2645717908646
39.2576537999544
39.3093432935959
39.1795941698918
39.2778243533604
39.0156076638915
39.1690468652895
39.356379138112
39.2099966888604
39.2316100195205
39.1825829725864
39.2063378449464
39.1318898282106
39.2466804840231
39.2619989734609
39.3385834124058
39.2693297191879
39.2656158347096
