33.714069011152
33.812249339956
33.9743125891295
33.8731305652693
33.7030554047369
33.9028453967356
33.9180766932618
33.8114948519967
33.8314731234738
33.8691263987221
33.5475355734568
33.7934029296116
33.638606519593
33.7523714467453
33.6858853984542
33.8949983675566
33.8099412467374
33.9323779016184
33.7077306129824
33.7431934262155
33.6658954395454
33.8538745222107
33.828714964554
33.7276857309576
33.7506479221635
33.8562571686908
33.8282572606947
33.7687520951868
33.9420989459493
33.7089234026452
33.8547308285729
33.8322493094752
33.6684868830457
33.7805608609553
33.6633587023568
33.8335828926607
33.9138198662225
33.9386656740585
33.8787220344319
33.7376960181746
33.7117709871967
33.8995400975361
33.8632349558389
33.9895884533861
33.8252180188643
33.746259537733
33.8440742487622
33.7608905833641
33.9456136718548
33.7796517224847
33.9744665510513
33.8505217899427
33.7971978803431
33.8451071972369
33.8850926413892
33.7383304447539
