25.2094372594196
25.2108085777419
25.188442247935
25.2711844880284
25.2573137020235
25.2048438466303
25.1665333087647
25.3679813147653
25.1482318752171
25.18128973003
25.2914067897917
25.1328321922896
25.1923313189283
25.4207838334416
25.2192570972514
25.3134483952607
25.2727268967961
25.2990919616234
25.1909574659072
25.3111181641473
25.1801489474851
25.1383329293098
25.3054889976803
25.4524893691239
25.2735118626162
25.1925449226783
25.2042322485543
25.2507540137433
25.2189393666487
25.2654196105863
25.1837895898682
25.0917463102038
25.2036932558802
25.2452783906029
25.3155957181559
25.1700376058113
25.1517560525218
25.2293446248856
25.2837930020551
25.2169704088618
25.1470421846277
25.2398982895883
25.3003105864504
25.1906035418258
25.1256657778728
25.1204956290038
25.1447938702689
25.1394081658962
25.2106350403932
25.2465178994557
25.1760046805487
25.2350493434117
25.2733263601825
25.2336239632837
25.2648393019905
25.227904391911
