17.3485984410157
17.3443550862833
17.3583446884405
17.3405359583113
17.345538939677
17.2401889907723
17.3097232339457
17.3350486353563
17.3744975785088
17.2669032299902
17.4204502900625
17.3921004233773
17.4320206062204
17.4196810463187
17.3748193462241
17.2511643830733
17.327030334035
17.394041597391
17.388794534577
17.4291593414398
17.3754654526424
17.3019641758595
17.3529738805885
17.3781167293984
17.3424615326167
17.3886180022857
17.44746825459
17.2946072435135
17.3268386117066
17.3067211278369
17.3774180455031
17.32265824448
17.4329885682958
17.3010070994933
17.2669689711665
17.4466224189729
17.3159376831275
17.2147990629193
17.5364125041647
17.4876938243827
17.2971384697275
17.2769666113873
17.3732027959774
17.3743374967295
17.341837176021
17.2719603836644
17.276829469433
17.3186998486093
17.624804197356
17.3591520679851
17.3032899930395
17.4147968627671
17.2281341504578
17.3672379276384
17.3893012076795
17.225800390999
