12.3532684091768
12.409932383791
12.4450383835233
12.4704668494701
12.543571385518
12.7694322206665
12.167055224138
12.2958982047123
12.4653101583381
12.385919636497
12.3222236450564
12.4202772169293
12.3534284316129
12.3309008324476
12.418583592971
12.3467340062906
12.3555174493946
12.305939115225
12.5850278723178
12.2783151812489
12.3271990743223
12.3226603877477
12.4543290216347
12.3297890852457
12.371878834343
12.3731955388595
12.3333342785871
12.3241878158901
12.3265836033744
12.2942862453642
12.4481618958023
12.4353317363609
12.4018973144331
12.6255303545237
12.1574381462948
12.4092975222867
12.4265188867244
12.29371599511
12.4149052170538
12.4381716470878
12.3751211995964
12.340138432617
12.4366099003515
12.336713604531
12.1427376894175
12.3936526957826
12.4494120280451
12.468926099012
12.393465931939
12.3907481779019
12.3154069961822
12.4111157716581
12.4179592410536
12.4278135604589
12.3763596365361
12.261973825344
