9.23790106591714
9.03695575833292
9.11802483553002
9.07456079178844
9.04636721746456
8.96626834390664
8.99436422968968
8.96066222583053
8.85826289035303
8.9225028500831
8.89502898680266
8.96671430000205
8.92178246778978
8.96730918119945
8.9453036482747
8.99952484597583
8.99429179174182
8.94807064724883
8.95501418039208
8.9155476415486
8.96702511782838
8.94685826529354
8.96488542196719
8.94207560309523
8.96227893433782
8.9136155655048
8.93935919062963
9.05311279872523
8.96972305802354
8.99304870871857
9.00848753289062
8.97307366602957
8.96983510619414
9.02003490381751
8.98082651719487
8.9046958539566
8.92176540681991
8.97475392992369
9.03681896803442
8.99805568960034
8.99618451810602
8.9713396605307
8.86410249248342
8.99681279415423
8.94769626533898
8.88019512265614
8.9491025979163
8.90322881778298
8.98752891625563
8.96467975355333
8.95981912066928
8.91167332507757
9.00945207953074
9.00681241143481
8.90206389150108
8.89598407140367
8.91273401401347
