6.95635304358778
6.902269545707
6.84944172101469
6.85129609631179
6.75191633595048
6.80272314966954
6.90059480613307
6.94242820013355
6.80621536776963
6.83988071568306
6.91136190643034
6.80977547446518
6.84211418449934
6.86393079842051
6.79869803092955
6.88561333996736
6.81756482260628
6.84696003422968
6.78834332654678
6.90279271545182
6.9172091961473
6.86868396247352
6.77139513899178
6.94551533564609
6.87938776152353
6.87190876289928
6.88342780886129
6.80712974930548
6.92454735230079
6.84883627458477
6.87128488793155
6.84125514307352
6.79732013534435
6.74635040997713
6.95668540067807
6.86427654729429
6.83049055220128
6.93130375576312
6.7948776402585
6.8824981056298
6.77242853830668
6.85134300647365
6.78916185392604
6.93868053105789
6.81992855586923
6.87102055044785
6.86942715547851
6.87722078036861
6.84447084049556
6.82476887729922
6.8211826679778
6.7640874965906
6.86488399879629
6.84672168776537
6.80021258087536
6.78924555871081
