5.04351280114836
4.94623350286965
5.05655410132356
4.9951505348997
5.05567215205457
5.11715428159146
4.98342551170173
5.00670671952826
5.16809159059333
5.01813801569134
5.0246251647052
5.02684506705507
5.01094428711657
4.96108451785699
4.97278142681884
5.02214960876857
4.9593534811863
5.05688540212057
4.98649683090302
5.05312423064806
4.99796173956867
4.97791879099369
4.24213793621359
4.89133420766872
5.02336312478544
4.97576829764138
4.96344354729081
4.94929680434346
5.02819651076003
5.07305824076583
5.05823963132572
4.96099412904696
4.99748506973076
5.09056205164596
4.93696866560269
5.04472822318801
5.01988350266807
5.05377403792083
5.01902064200866
5.04132205956619
4.98920911136128
5.03524923157356
4.9423761358881
4.95319822559703
4.97753545061073
4.97110782592657
4.99562835872136
5.08893801489913
4.9959815578988
4.96946871488951
4.98463736487381
4.92362572906069
5.01306903023914
5.04448039288305
5.01761901152599
4.96093424638859
5.05451424737064
