2.80489567831434
2.80181820225889
2.58092957603969
2.9479390462573
2.85781832124097
2.77899381781491
2.84803675855398
2.88053632519768
2.85604846415696
2.76329901442786
2.85136916403495
2.8959135788817
2.80216003334727
2.60892797231376
3.02222172106735
2.85386326797366
2.80031822373849
2.81111135139059
2.88602315991188
2.84418189343695
2.8182143941287
2.9269172930186
2.88081417713672
2.78713636346389
2.69457429866941
2.82008154480204
2.77730030451558
2.85353569338786
2.83187866127203
2.79335307715047
2.85077156616396
2.82704067948798
2.85066870058412
2.81615693526097
2.8227919249372
2.75245675124509
2.98336106779289
2.84945355325768
2.74448035638648
2.73109400858829
2.67000631940057
2.91000138954203
2.79134455210169
2.87748283368576
2.75279941358149
2.85162400186872
2.82860323571592
2.87603824897791
2.88207974424996
2.7471167135423
2.60165449465947
2.76172256123345
2.87568211394144
2.90608258905205
2.8408676505814
2.75140335868456
2.86812608509958
