37.6046423923834
37.6166413979037
37.7141382078643
37.5963208875185
37.5988993965081
37.6644045316475
37.6708450074231
37.6280423913762
37.7058974276529
37.6475326798831
37.6650136002264
37.6049853503804
37.5823998445681
37.6329732976305
37.6475294348334
37.6231775141142
37.6816258487863
37.5731478158209
37.5997814625058
37.6553669025941
37.6372336011997
37.5810780322405
37.640445256741
37.5660457538037
37.6724383573776
37.6734636248774
37.6379141849821
37.6570131795319
37.6208592638805
37.6757173036055
37.6303370994808
37.6207910563646
37.613774730278
37.6918615261743
37.6051384761152
37.606693283622
37.6709451947877
37.5914787795572
37.5997746513719
37.6202973769213
37.6056561309072
37.7356221798926
37.5759602642535
37.6360041247324
37.6419596905321
37.6552863770775
37.6897417121702
37.5919480206485
37.6134531119627
37.6312876876922
37.580424028375
37.6387949436872
37.6052112109182
37.6281280135101
37.585472145535
37.6770088335468
37.5927994602228
