37.3714133971749
37.2791712887461
37.3630117864892
37.3489980292097
37.3837597796008
37.3820128579258
37.4474725487383
37.3836710955057
37.4315803323232
37.2945903039564
37.4475958775025
37.597252396158
37.4225857622652
37.3820579183103
37.3322584972602
37.4604780813611
37.4735113765174
37.4095168622249
37.4133384899933
37.4296494444422
37.3504020655807
37.4228213735902
37.4432429290268
37.5134112139548
37.381238422824
37.3234456594992
37.4162203327555
37.4080265988965
37.4788833806973
37.4094094494427
37.4861187598438
37.421916882177
37.4263583305887
37.4527736991956
37.5033286869879
37.4542598197587
37.5331713059173
37.4209261462402
37.3678815829768
37.4808458499754
37.5170988525932
37.3931037297211
37.4527989483917
37.4505376119445
37.445653568953
37.4953965035749
37.3756015695238
37.4210860207232
37.4748091741739
37.4319565767106
37.4602939230452
37.3871143074242
37.3303634188185
37.5656681280406
37.3705054330691
37.477813603932
37.3844949823027
37.4739761708443
37.4956901520704
37.3807044159238
37.4752412412217
37.359442071211
37.359503724285
37.512084390288
37.4335884351014
37.4659433291361
37.444187282518
37.3033544517349
37.4468749006096
37.3631765338116
37.4921137094787
37.4113088813793
37.4332683981263
37.4175840522584
37.4605836539021
37.4879492296555
37.4419808134172
37.4701678600647
37.2824791666904
37.5065543648431
37.437479564457
37.3554082243905
37.404490891679
37.5159376093172
37.4391082331046
37.4083068830986
37.4318877345999
37.43991337837
37.4361674890553
37.3726606377986
37.4703237042682
37.3523572939663
37.4129960583008
37.4161785961249
37.4450002253328
37.4131405417274
37.3576326015895
37.4435893877262
37.4659173442851
37.4145080149691
37.4053741089044
37.384513328217
37.2888889591818
37.497580841274
37.4257370179941
37.375805728838
37.3976224493775
37.4300428045592
37.4974559050685
37.4952065971688
37.4247709379094
37.47642554059
37.3689492208084
37.4447721976239
37.4726892704079
37.3757877012004
37.4723377699981
37.3131979389269
37.3297222835995
37.4188930507216
37.4339896796802
37.5579311055002
37.4526003998896
37.4620496067474
37.5044757916155
37.4576466640432
37.3993494743059
37.3132972195135
37.4148125913116
37.3574942497469
37.2540961581844
37.4403096531457
37.4094043884879
37.3095889144192
37.384829116623
37.3282486169991
37.3534570365737
37.4895099250668
37.5347894677697
37.4416220395476
37.434489206595
