36.2162206457952
36.2864441477319
36.1102131838535
36.1750511456735
36.1098962147829
36.0945734736681
36.1516557587332
36.0756388143831
36.1027757824582
36.0478276546438
36.0701571663712
36.160702883681
36.1144915165396
36.0668890627192
36.0827606301654
36.2074869653658
36.0243081147478
36.10535592599
36.0715397381811
36.0543545385626
36.117430269287
36.1027812782619
36.3081911517621
36.1219120285493
36.1474962083395
36.0511359123758
36.095204552482
36.1518913979421
36.1966600276505
36.1745543375967
36.1756823527248
36.1410757838968
36.1674735126497
36.1179796973703
36.1457504414608
36.1105611173766
36.1450639212944
36.1776641300079
36.1501652018413
36.1612021622292
36.205374051711
36.1274636183726
36.2203047723898
36.1075317525327
36.1074419331969
36.1488891058036
36.1544688754775
36.2302717592489
36.0015713638848
36.1869770097829
36.2530840956244
36.1849716374478
36.2247254212156
36.1987444381153
36.0774992523969
36.0860984581361
36.1645791322459
36.1810341523016
36.0723218877157
36.1104371109128
