33.4575571962432
33.5064911469135
33.5864672732156
33.5292052057418
33.3491479170435
33.5437757046523
33.5921975512293
33.5398638076425
33.5955005243492
33.5340480266495
33.5875397577098
33.4462681736175
33.6022146647155
33.4264090674141
33.5361507908754
33.5061340587584
33.6542786225785
33.4122657819524
33.5715244451583
33.558705916288
33.4426922623013
33.5245517664967
33.5169487536992
33.470710111157
33.4925223870486
33.4176264236441
33.3945418686768
33.5359820590034
33.4755703412849
33.5395476450634
33.5291853431779
33.5139605304397
33.4715989633534
33.3733727656618
33.7527259704044
33.6372401144927
33.5157986996329
33.3663735486516
33.3161773315806
33.396454788609
33.373095114386
33.6097162294575
33.7172312624935
33.451829100348
33.5085004774866
33.4105562766119
33.6304517995881
33.3875399192007
33.4776481807604
33.6042300671418
33.5604066905625
33.4042501629924
33.4724639644209
33.4955444236714
33.6345010360118
