28.1205544176286
28.0822813559914
27.9473943762051
27.7942040051845
28.0350651128337
27.8439316307827
28.0108677983689
27.9454156672992
27.8054163136483
27.908841270345
27.9886453977109
27.9163453105836
28.0225170883594
27.8449859173749
27.8891907011745
28.0791193176176
28.0928385089865
27.9879235314274
27.9177325108701
28.070971377586
27.9564345018254
28.1449458852709
27.9847776758158
28.1045986007575
27.976647454103
27.8879084545173
27.9441308387536
27.9974616317184
27.9037476623053
28.000514460354
27.9544995235045
28.1450715113223
27.9503724358592
28.0941515838024
28.0456885669376
27.9722101655336
27.9475821394464
28.0183005223796
28.0259540501187
27.9817283828363
27.8522430135081
28.0253338066673
27.8796861654729
28.0546749073362
28.041197286309
28.0416017752845
28.0439236481094
28.071357130262
28.0178068311571
28.0111538490173
27.882972165982
27.9213446725186
27.7404325489524
27.9150716855836
28.057019139074
28.0146829582017
