19.711775481387
19.6420196029678
19.664547375674
19.8830612255191
19.701645773225
19.7036073258173
19.7856523183225
19.8122446150057
19.7548429189952
19.7822174053198
19.6910385103779
19.6057983440218
19.7469030810029
19.6069400136079
19.7438382855416
19.7486171414722
19.6609508348465
19.6067621153762
19.7937541905494
19.8370862791189
19.8026386426376
19.7637169401572
19.6915298891636
19.7948084277373
19.8193382294838
19.7607636975691
19.7410349061197
19.8449587991197
19.6220635733872
19.7552610596652
19.6187732680152
19.6810339231227
19.6676370650267
19.8241536116978
19.7341798898963
19.6613951340349
19.6965131544534
19.7898662585647
19.7150949535977
19.6529615429577
19.6294973259285
19.7399219831729
19.7516885747425
19.8191752590081
19.6269902203683
19.699057121803
19.7040489335697
19.6855672594957
19.6687001685843
19.7296875084506
19.7098685763513
19.6801944944445
19.7392905099486
19.7549233619221
19.668082092303
19.7738100985234
19.6943221498305
