14.6384792780101
14.6979804229016
14.6276884492651
14.3877303362531
14.5548560761782
14.6258937940379
14.4787376378396
14.606596569735
14.5549358951467
14.526450254506
14.5800830060588
14.5824465524048
14.5278053842052
14.6694998990282
14.524262420449
14.522512419385
14.5755153301497
14.5219074501355
14.5601596311179
14.4383656484938
14.5147761618803
14.4447833132526
14.5511286406419
14.5392162015166
14.6756258659823
14.65672654001
14.5974779508634
14.658230285251
14.5306532341176
14.6477850222822
14.5613982618659
14.5005373192421
14.5063049045664
14.6786709372667
14.4220359747451
14.5712151724482
14.5578207817999
14.6393609231881
14.4343510151519
14.5042804431306
14.4825776749492
14.5644672565855
14.4825846468487
14.2781313402058
14.5722661364335
14.5963136166426
14.5041933900762
14.5151345571603
14.6069542411509
14.4023331760629
14.5651591680968
14.5949065807214
14.5010875497584
14.4938912498417
14.5280886592867
14.4233830654539
14.5516445706086
