11.0095267213128
10.9274114111023
11.0563356058337
10.9991971766888
11.0741608430544
11.0739472505629
10.7968652746352
10.920925076359
11.0102874532621
10.9178677666882
10.8986190944392
11.0157462520393
10.9055875321453
11.0513318853437
11.191845546696
10.8383103051435
10.9518365170167
10.9479466851854
10.894207220357
10.9357602970496
10.9288590569949
10.7511948529121
10.863315151274
10.9236230741717
10.9000226817175
10.8755074838298
11.0198714183684
11.0267236336971
11.0154852055258
10.9324299454141
10.9621169457413
10.9481103528281
10.9216471967748
10.8152294115225
10.8651955258682
10.9773616872581
10.8363694434106
10.9317070248153
10.9381918244227
11.0098918460147
10.9605605143583
10.9473445321179
10.8743245215871
10.9048128034688
10.9775309351437
10.932634016466
10.9168002813097
11.0332913699284
11.0549071427451
10.8949837136227
10.9556554519565
10.8511105150555
11.1550807178683
10.9412245200661
10.8991674592222
10.9184347444402
10.8688373795247
