8.39368438973907
8.28220010345662
8.62506630956298
8.34514686978699
8.14872922414107
8.26509596987029
8.42528900109253
8.39613253258954
8.36156077952241
8.31264147663459
8.38991365707181
8.33688998092942
8.30171377716029
8.41341153172368
8.44008281428082
8.30144065118774
8.63868367866697
8.33320294938721
8.35018529135584
8.36758985133997
8.33851206680125
8.49675950716462
8.35349114152407
8.30273757330749
8.35575495689019
8.26956155391805
8.35827059176417
8.3247101877302
8.41027409201966
8.26039164010708
8.67076948798037
8.5728458336587
8.28578502933872
8.34184800602671
8.3417579028158
8.23364493954804
8.38705261912471
8.13551273109205
8.2646114818401
8.40622983212334
8.26089918115389
8.30014354110894
8.14785524721515
8.27305297554754
8.29360173960783
7.95804697665804
8.36241188732523
8.29122762345832
8.30965766613186
8.24416550364189
8.13880129922845
8.29868663766116
8.01929693874943
8.35864727496978
8.33141989541744
8.36121901883322
