6.61286487824155
6.55208428211842
6.41489940930226
6.64328997702643
6.59114958827981
6.58072693391187
6.59520150420068
6.66889953115569
6.62252053536738
6.63322630029156
6.56159308266059
6.57400597353216
6.50030467181958
6.59968140416997
6.65640068289379
6.47042744643127
6.62602501744276
6.52813910583327
6.56764525487859
6.5916872245761
6.60051294792176
6.72197973938539
6.5917143415544
6.49634406802975
6.66250401184742
6.6402976044603
6.5205118256233
6.60696989838869
6.54817636033646
6.6029617605067
6.6780862501822
6.67695679559065
6.55595619370988
6.63512265314731
6.65140355122999
6.64000203725944
6.53825395746994
6.51173134330082
6.6576302044091
6.4817574231507
6.63001871808209
6.60517421219916
6.53558701413995
6.53968204143009
6.62771425763634
6.60491759672178
6.64441944072535
6.69490440524717
6.58731091272604
6.63178861667569
6.60903210489114
6.63864391665185
6.60600372646913
6.63015573683337
6.5624358083267
6.55938220692506
6.70894698456709
