4.12560516678424
4.26546163689529
4.25435522719561
4.17878498968989
4.2022523746879
4.25314734018881
4.30908046738825
4.34342280069719
4.21354427936979
4.17877827675183
4.1125009111863
4.67323961122626
4.19932811837596
4.24553258967326
4.23366338371712
4.18529916641494
4.33480182028275
4.15276167207867
4.0616111343755
4.31155905998366
4.09832977134954
4.13404425299884
4.23026766492659
4.03794704333438
4.20274768995658
4.26218090165393
4.28202566238626
4.19980190937545
4.16051368987732
4.31430540213301
4.21592780231044
4.17560217857378
4.21962962914665
4.18796466371863
4.34811548113483
4.24100054021989
4.21469458333141
4.14801095298291
4.3467300368902
4.18562894722673
4.27357941133175
4.14416343455836
4.15105461085004
4.17867307942207
4.11164582301721
4.16304469092172
4.19671039869037
4.18688857521955
4.2839847540839
4.13116020537679
4.14621768787715
4.28269070474261
4.22665426151896
4.11959278194819
4.22884427012862
4.19061787713575
4.1854877862205
4.1578183302727
4.2374534132226
4.20888496159038
3.96547641306092
4.17311892930263
4.15934652857196
4.14326445578125
