99.8731150538256
99.7040640038668
99.7385276164617
99.7531827464555
99.8957154397755
99.8875835205169
99.8828834777692
100.172513385457
100.115406444737
100.230638987267
100.249938160591
100.28998422493
100.258737842984
99.8521030494845
99.8854730219593
99.8203400945255
99.8463778903219
99.8457568536656
99.8614119347208
99.8246793586949
99.8376756296031
99.9659419448119
99.8694961843372
99.9054917955979
100.073020016076
99.9565381762092
99.6598836809508
99.7151416967963
99.7104269392717
99.709176266214
99.7183362126822
99.6612843054793
99.5007849274734
99.4928114763703
99.3966966166892
99.8881906901021
100.010739076661
100.005601841337
100.005673684366
99.6227446305825
99.5356804896072
99.5865568937019
99.6131148695355
99.5099504030309
99.5680653627077
99.5631897340819
99.5807192816341
99.6498831119615
99.568488612876
99.5434814589903
99.5080334659863
99.5536181774885
99.7275269440202
99.4696384708797
99.4514031090578
99.3377033524955
