92.3425786618484
92.4456266951807
92.4640134482503
92.4768423479753
92.4924685705305
92.4331006504975
92.5324024995897
92.510372707357
92.51864285616
92.6384609061077
92.6082335452551
92.5477646042026
92.4746652544346
92.5272094572103
92.4609436481933
92.4217025328782
92.2673307753717
92.3125298480078
92.3554524725977
92.3240773573782
92.3694700291305
92.422149791427
92.3466481463721
92.3805384002695
92.343203465745
92.3301144540523
92.436306811833
91.738597080722
92.3166045187065
92.4461436872358
92.4650041688559
92.3846358583997
92.454283673551
92.3681187721285
92.3573682233432
92.4723044075452
92.3201674447229
92.2946334179483
92.4716544023482
92.3867190829772
92.3949899474745
92.3962835394719
92.4331082166727
92.4216179726406
92.524191216426
92.4600686222342
92.3852471187218
92.4331159770142
92.459136681752
92.4864681684403
92.3979098486623
92.4519058841191
92.3609223777696
92.3911739129112
92.3946240728228
