82.2433984039571
82.2234179267587
82.2793880310973
82.2545684988857
82.2586293619897
82.2736503190591
82.2723232072666
82.2889205472595
82.3205083175906
82.3515753465782
82.355451968928
82.4030036759929
82.3249170420788
82.3884525275675
82.3865811918919
82.4324656714909
82.3445973539235
82.3212521607483
82.2790334292882
82.2410672377173
82.2886788573878
82.3014285013582
82.2364248918208
82.2153510366377
82.2306132537863
82.2588429989843
82.2696292788742
82.3335371599452
82.230875300996
82.2836523435794
82.2895909279369
82.2912028709293
82.3046710347859
82.2958559635962
82.2548660789407
82.2282541172511
82.1294868136436
82.0682183474881
82.1359041323872
82.1345861490458
82.1515313523934
82.1361202061158
82.1249809417182
82.0909862070124
82.0965016379727
82.1236613096836
82.0085679991082
82.0618898250473
81.9823895124498
81.95164642689
81.9530693915928
81.9511070478195
81.888667854156
81.9689219394037
82.0154834038342
81.9797629473828
