70.6830974554044
70.6506775729955
70.7008010840457
70.766684261987
70.7091822640653
70.7559164945435
70.722053958748
70.7202687125758
70.7114668335151
70.6998140008346
70.6911719121796
70.6814322466635
70.6982553223804
70.6153897529284
70.7104196569006
70.8030874793437
70.7745958140302
70.7864207024164
70.7914325115879
70.6660023993188
70.7566349458045
70.7059366101612
70.7410065293681
70.7206147591598
70.7265432218068
70.6893320539939
70.8190678802644
70.8043147143985
70.8307764613968
70.8546169858912
70.8275884837206
70.8372584495355
70.9261877735102
70.9480701051342
70.8999660118578
70.853737561267
70.8862982253672
70.9114448082809
70.8841590453429
70.8884342508118
70.876831931896
70.6973014976764
70.6422876352292
70.5420284158033
70.3236870081824
70.6321788477485
70.6182517557754
70.7081526687162
70.637692648761
70.7539947382351
70.8637261147442
70.858659984709
70.8802046674167
70.808556826717
70.8546156455423
70.8869775471628
70.9221362282676
70.8172029109703
70.8031912492759
70.9021710164382
70.8045889492773
70.8098251255117
70.8005272577265
