51.2872887565458
51.2914194277217
51.370239110029
51.3660570090794
51.3916583123519
51.3341830644124
51.3819697881046
51.3024872105196
51.3917896940315
51.3682728627151
51.3691060367044
51.4064813340713
51.3596891768205
51.3369276529948
51.3833259829637
51.3713792176158
51.3353306058598
51.3915307326343
51.3712458077828
51.427900150459
51.3785755489951
51.3674339012753
51.336688373801
51.322727967468
51.292731573935
51.1780416218592
51.1265961968557
51.2508030151488
51.2403654632767
51.3181050724105
51.2730633613201
51.2072773103365
51.2910965384057
51.2974499150295
51.2623060632688
51.3581683085427
51.3594131229162
51.3262440531489
51.3239237416534
51.2849681829818
51.2487398089016
51.3199879505581
51.2903203500776
51.3153391115398
51.2745575640375
51.3491722783954
51.3223596889531
51.3573537197868
51.3411539015673
51.3165699431801
51.3160965525639
51.2797812253464
51.2540936402738
51.3341083409465
51.2861238250645
