32.5006734636104
32.5834205971779
32.535320094786
32.6196726942783
32.5494663656431
32.5784819347959
32.6044339092506
32.5848657594398
32.5936752887926
32.5331764030349
32.6408814206872
32.6152240610254
32.654103130844
32.5866444168758
32.6815216469596
32.5788334162849
32.5918361337383
32.6047804824937
32.6005515169927
32.621555607963
32.6252730071982
32.6186956772559
32.6260613147283
32.6601614921976
32.610900017875
32.5608902101172
32.6139870640878
32.6054948290423
32.5856354161523
32.6504310681352
32.5639978787561
32.6527196165363
32.6004695921205
32.6067619768357
32.5905080638843
32.6434339017411
32.5901951088673
32.5385144134289
32.4748818481556
32.4033816230869
32.4742770376824
32.5841277678452
32.5900980620329
32.5769759390019
32.601552861917
32.5305463942295
32.5670775808623
32.5673772120832
32.5477034665869
32.5730779757696
32.5934732574913
32.6179104528521
32.5789090929415
32.5757661532307
32.6322845747243
32.6863903580211
32.6791169424613
32.6728112257784
32.6554489056218
