21.7637852916501
21.7193821777335
21.7245902521776
21.6735649226369
21.7433571505318
21.7722879762041
21.7556571523352
21.7134307931729
21.6653307383119
21.733645837478
21.6286446080533
21.7346379712998
21.7171295804001
21.7034790664349
21.6822176273845
21.734829968569
21.7073418371215
21.7311177448215
21.7053993825106
21.7043670092284
21.7104720260485
21.6961464655862
21.7103332267763
21.7405587412949
21.7311914416019
21.6919909615889
21.7675752415162
21.6953063845879
21.72911420039
21.7228862719463
21.7788112159394
21.7632447731892
21.8427881529251
21.7825576473677
21.8002644252123
21.7693499733669
21.7664483422417
21.7237236837681
21.6743564689196
21.7203228867703
21.7452925599743
21.7252916015463
21.7425818397751
21.7459818093685
21.7395115142495
21.7771379000699
21.7034380336322
21.7427182609054
21.7500641951555
21.7493100194928
21.7455817516987
21.6983337501309
21.721601819773
21.7364796238392
21.7380475318021
21.7545941006941
21.7313657003774
21.7380356913376
