15.2083227656945
15.2220198407418
15.2750412909832
15.1896347588643
15.2217431233834
15.2835894017167
15.2257024429442
15.2307401079828
15.1908894874894
15.2019608928913
15.1427443107976
15.2377747502692
15.2044234114187
15.2135064381653
15.1763995298737
15.1756538310476
15.2162695843532
15.2172951035135
15.2512389243913
15.2146345455176
15.2337331204303
15.1767906641749
15.2323148139308
15.2420546153292
15.226191831001
15.2589882387045
15.238635297276
15.2434004222738
15.2038804514582
15.2193567162808
15.2189436300912
15.2274979180804
15.2078490169462
15.2391820263885
15.2502889550201
15.2953611219942
15.2059098390605
15.2557933707248
15.2256500382956
15.2220733821254
15.2016710243432
15.298144129169
15.2120292522461
15.2885225478912
15.2181698675106
15.3033262260102
15.2457192453196
15.2749634839144
15.2483371605431
15.2379163723266
15.2522013224931
15.2366255604872
15.249634379737
15.2148967362281
15.2233664933104
15.2700552429112
