10.7730040192883
10.7826665854127
10.8039377023581
10.7716531528386
10.7766541610838
10.7682218223515
10.7457674419301
10.8377823486492
10.7671632406736
10.7326338061357
10.7732809140893
10.7532023290978
10.7634177522115
10.722560740723
10.770745433493
10.7436015476845
10.7425497064503
10.7805405227331
10.7156934402448
10.7412710310821
10.7114124235437
10.69827327419
10.6469158546059
10.7566429410848
10.7187656132418
10.7189311040514
10.7208666826531
10.7530183334415
10.7467603134462
10.6969522084992
10.7289016145566
10.7076051232497
10.7505896987025
10.7252810116084
10.7560314281557
10.7236668984149
10.7502523710664
10.7182462513944
10.7377229819338
10.6944543453581
10.7326716232305
10.7243363780367
10.749269620197
10.734179339073
10.7677994276952
10.7594814915786
10.7942597159944
10.7487103082615
10.7432831541901
10.8257081838459
10.7733327944992
10.7888854316341
10.7324519148154
10.7836941902598
10.7767906445337
10.7773647053047
