8.12981116849875
8.1838780053234
8.15520347589767
8.1816942539732
8.17483968597598
8.1610528547486
8.16873495167321
8.13085834425335
8.14406277904027
8.16529849198196
8.19039470497779
8.1693441619981
8.14462926161738
8.13854600364459
8.10297719807284
8.16095088384736
8.15470471789767
8.17832455604857
8.13710611844908
8.16262034881456
8.12250029825158
8.18772738609313
8.21309508620639
8.14472578119217
8.15194296280558
8.20132045092998
8.15254648556343
8.13457948587049
8.18687585725204
8.16541241127886
8.17832586269376
8.19106585727544
8.2116138313094
8.1533279658325
8.212626650428
8.17497144603681
8.17999643944773
8.16256349262157
8.15514574511857
8.15765337430963
8.18288779526874
8.20241990584677
8.18569934678645
8.191103571922
8.1647321814149
8.16710571063289
8.20367484815116
8.11117772417925
8.12434783863324
8.14592507870239
8.11511034577689
8.15961514975212
8.14385295768981
8.21197965560782
8.15851942390279
8.21528603664811
