6.51433156364013
6.59135651377558
6.54299797640046
6.57617769852641
6.56039519314436
6.54638474579535
6.59419624427724
6.5358874392795
6.56363865529858
6.55641144234042
6.54198510103639
6.50087241863947
6.59443599831203
6.54217661419105
6.528498960053
6.56662931380895
6.55739289604232
6.60109381214458
6.60395911929175
6.55054247987088
6.57415556420445
6.56134595028934
6.59835192624449
6.56848705162126
6.5948071887546
6.56295155130549
6.54950942972082
6.59071926257643
6.54443070808459
6.58721731379568
6.54028264768382
6.5475902757557
6.57745592545987
6.51971084044566
6.61902673176506
6.52792961541244
6.59356547621273
6.55616034456712
6.58882392758327
6.56966213813859
6.59174467144907
6.55972723006014
6.59393729511855
6.56864884763212
6.61505576879498
6.56073004219306
6.55662534343368
6.55802687887516
6.52262119626963
6.5312970483049
6.53225503866839
6.52193132494554
6.57913690506781
6.51249242363247
6.5566585934594
6.58844937174752
6.56538512966326
6.59719439528453
6.55774901300539
6.59113948452206
6.54392788669942
