61.9156880853856
61.6613478498216
61.5449745172998
61.927282886338
61.967689495864
61.9816083519164
61.9462632861356
61.9755241365578
61.9194477183713
61.7295580220768
61.9261209109487
61.8468220140715
61.7470537030211
61.7399463534623
61.8989079467236
61.7842163949225
61.7579465260618
61.6651807821472
61.8315395902903
61.8634912114762
61.9689250350297
61.8480469409518
61.7846117771654
61.8782925621031
61.8589686468768
61.9274057910186
61.7132628365294
61.8019689225926
61.8448885679463
61.9708082595788
61.9034656643337
61.8233134661992
61.7725381949746
61.7650228869745
61.9825196152013
61.9124633942096
61.9862198050915
61.7185521365433
61.8000684776562
61.8060372056982
61.777656498978
61.7451560522915
61.905257105817
61.7651200186151
61.8399306236009
61.6281104734566
61.3200584583672
61.6976533295652
61.8353893429717
61.866237398824
61.8967346748139
61.6805952595099
61.8114474294054
61.594020508884
61.8914795620935
61.7706589293891
