59.3126172004362
59.233429611611
59.3206998973644
59.4035963681342
59.2543291282011
59.2540453259152
59.5094527582431
59.4264663784974
59.3938059200728
59.3612094480846
59.3339030915362
59.2886040342276
59.2552572374731
59.258018397949
59.1900739292191
59.4264612316812
59.4084498338788
59.4606152410243
59.2784136624033
59.1630764086444
59.1977852738411
59.3014318329412
59.3837114085897
59.1850550515577
59.1974456328019
59.3160906099267
59.271400544084
59.244434833635
59.3444207019755
59.5207573227784
59.4500728725
59.2861537019098
59.3737341006692
59.3483625261353
59.2953706890072
59.1415755267477
59.3688471321569
59.416994579043
59.0983951725629
59.1475091540205
59.0862832500146
59.2751197750098
59.2130114645949
59.1880342104832
59.1871974597009
59.3675246123706
59.3683564206315
59.1447102201376
59.2190503051854
59.6683083162197
59.3523990667196
59.3634777919419
59.2341397439687
59.5927462373602
59.3435016506704
59.3043352455076
