53.5875361407873
53.6001847122324
53.5622530585914
53.3986110959045
53.4805424562065
53.4966413630659
53.4820075854416
53.3538180610056
53.3802368954332
53.3112816899764
53.2311705246708
53.2491957718705
53.1560442967627
53.4569997614726
53.4716142513911
53.5060455386649
53.6245041828265
53.7177585008717
53.6657114641737
53.7057392511166
53.7028236795985
53.7499076358326
53.7942648827754
53.8167900034187
53.6657660857771
53.7110331403711
53.7490112893978
53.6223637249432
53.6743521753234
53.59512505321
53.7609233542012
53.7668543059978
53.7266647153107
53.7502467555584
53.933666049145
53.8065537888047
53.7811188316344
53.8930488005131
53.8075889659862
53.8026286634234
53.9331085346089
53.8432329724226
53.7453121000847
53.7877580800024
53.7659493216929
53.8325360458507
53.7682460425596
53.7180402874759
53.6954863431832
53.7699792980351
53.8023387573485
53.7522149746243
53.6929610416833
53.6791710869234
53.6734606893977
53.6638974609689
