46.6009316962679
46.4440539430956
46.3334006617879
46.4691604089193
46.4873687170844
46.3821779149831
46.4290770486534
46.5489106449874
46.3783498511723
46.5164221758379
46.5687038881938
46.5634040049548
46.5010018415223
46.3274348964067
46.3658789222359
46.3370782015913
46.3627892459967
46.4426140673824
46.5966194204013
46.45683316306
46.6057720139934
46.4682556047687
46.5232511306902
46.4721780286514
46.5169696844107
46.6130918264754
46.4774663176005
46.9694348436734
46.7687053174762
46.7826424389116
46.4506458593955
46.365842197895
46.3635003206946
46.4162056992791
46.4464235179152
46.4054164014086
46.4575158838868
46.6414017012551
46.585072106009
46.5577785797643
46.4405121694031
46.7239392733963
46.281903474476
46.5478492003029
46.4171524789062
46.6137418763697
46.6326831189254
46.4755374233015
46.4878532467553
46.6752328829316
46.3880351572043
46.39641396341
46.4526984228144
46.4228291445266
46.4884188552202
46.3687182695921
46.4284291768105
46.2354532855467
46.61342351089
46.6338903945375
46.4752214996551
46.7954903693398
46.4561526678837
46.4550903001154
46.4289623918402
46.3584860194314
