35.2829695859009
35.2069884054813
35.3272421033527
35.2477786209569
35.2876786282151
35.1025275953283
35.182618120918
35.1760811040131
35.0468706428057
35.061759797193
35.0260854434344
35.3617747513468
35.1507471245756
35.1368616204395
35.1238910015358
35.3481052287244
35.0892292608411
35.4787708070185
35.5277028573381
35.4914299574126
35.6866611828625
35.6397053883313
35.4926822776787
35.5644061579361
35.6726178573711
35.6846836567173
35.5246772984979
35.5173888540314
35.8185961804074
35.5294838581363
35.5557684532521
35.6823770611614
35.6102678127661
35.5189823573424
35.7370977879394
35.7221896697523
35.5476748642726
35.8698190261291
35.7120609957205
35.5013389952216
35.6298110776385
35.5028961337836
35.5779607412079
35.4960939637734
35.4692030335009
35.4425086744245
35.582319854147
35.7924126176089
35.552574887998
35.5573499226107
35.7251906393878
35.652669586999
35.3428924378303
35.4118862801925
35.2096428251415
35.3792599798576
35.6012474427018
35.2638573539795
35.2679472914653
35.2241733629482
34.9694598514714
35.3742386597056
34.9756654672051
