23.6698851721477
23.7562003627816
23.6504749945781
23.797793976188
23.7774320143688
23.6325501814581
23.7380577724721
23.7451394966278
23.7641544324164
23.7491964370001
23.7186362976335
23.7143901549395
23.7238718461025
23.7596810313103
23.8034683984071
23.7730299854903
23.5877889272218
23.4760407466402
23.7122765948406
23.6589902432813
23.810540057923
23.6678182799215
23.6620190351091
23.5528849848258
23.9629441535012
23.9000721169924
23.648197467911
23.7918848890913
23.8011330968727
23.7402386188415
23.7571756436979
23.7799472754289
23.6916335815385
23.8007251700592
23.7178575274623
23.7058191795642
23.7829416278632
23.9534837579488
23.7496384502013
23.5731051876525
23.6744604315426
23.8133240087786
23.7131363769072
23.7092883468818
23.7088188997923
23.7673442516781
23.6355212386499
24.1290478821658
23.7145520910935
23.8505072396122
23.857623385233
23.6593508577635
23.6490206630015
23.6799461265461
23.6358185693345
23.7051973334997
23.6926262960229
23.8500049951255
