17.0679222194881
17.2118917428722
17.2404493359363
17.1602758169604
17.0542147678318
16.9831573298483
17.2423857556286
17.201563820271
17.2297560989511
17.1870536057586
17.1678445416789
17.0981094726897
17.1474604473946
17.0723497430693
17.2638718119335
17.1856505275666
17.1829106582641
17.0513666564359
17.3888069817665
17.2004407819002
17.2763029838114
17.0814730814725
17.0559007245092
17.2516311372022
17.1943726608414
17.1428721511052
17.2510467129116
17.1831992924075
17.2104096449164
17.0502149143028
17.1622590004483
17.2308280505427
17.2104081863712
17.310644856887
17.1446647470482
17.3182836630817
17.2276212095199
17.1213143910614
17.1907082351902
17.2064974633738
17.1084484727546
17.1085828543786
17.163681098272
17.2152774532993
17.0810934424355
17.09171398774
17.3396271634031
17.1091360612074
16.9509168927547
17.2169661629082
17.2327384261354
17.1398243691911
17.3648414143936
17.2400287506031
17.2410392041967
17.1774827719745
