87.2567616406066
87.2153148044941
87.2346822046124
87.2942118483901
87.2303186657834
87.2214618376131
87.1491993157053
87.2913234320947
87.2006780559944
87.2134333554152
87.1973927765932
87.1533754316858
87.1718948860385
87.0686971659027
87.1026629347191
87.0006760476686
87.108954170778
86.8972565386882
87.1824789282262
87.1881498711915
87.1974075896881
87.1306217238341
87.1442628051325
87.1902329888998
87.1630878167299
87.106228298725
87.0671269031452
87.0314917963838
87.1021316813547
87.1996985333357
87.1612353991248
87.1909989691097
87.3159122113603
87.2010789573085
87.3352998775005
87.3253221780813
87.2961939351655
87.2729469871209
87.2317290100968
87.2492264226894
87.2569952707103
87.2412645528084
87.3026913611963
87.1524600114652
87.2141687413302
87.2517904584263
87.2041577594325
87.2382656428182
87.149212119008
87.2247242731894
87.1791210547199
87.1819900122529
87.25338803648
87.2757131344349
87.2735324147254
87.1918441282424
