80.467726440846
80.4513215953116
80.0267620843152
80.43227253517
80.3479739558839
80.3904092415753
80.3524221744461
80.329261995
80.6055750346864
80.8550192888404
80.7482766428366
80.4965147540469
80.5035199980627
80.4893693037451
80.5422745317434
80.6198453175794
80.6643897737148
80.6713767941214
80.7214379406912
80.6745348687947
80.7748110574683
80.7287172972128
81.1695045117545
80.7943887628032
80.807730668281
80.8154838883275
80.7990953870939
80.8437928564126
80.7895534776073
80.8228429429913
80.8321410012819
80.8585663323111
80.9267469534018
80.875126475359
80.8723307241627
80.8770261168238
80.8683985142098
80.813693110524
80.8263788844892
80.8426812452772
80.8628302135554
80.781245801695
80.835505665575
80.8756377796588
80.6994166589734
80.7691803115289
80.8152476721251
80.8124863580725
80.8741279357793
80.9311431572208
81.0189070570754
80.6770265266119
81.0691722975099
80.7279980321937
80.7312013275846
80.773398168686
