69.5589392399311
69.6091123490211
69.5383023139169
69.6270722539102
69.5499421252799
69.5906715682579
69.6540782004962
69.5850712704838
69.5984412393543
69.6797885000151
69.6033788935421
69.6776974017117
69.5625878519809
69.5620929016092
69.6313697677728
69.560129829637
69.6610540104523
69.6077942718083
69.6071975149371
69.7492721251145
69.3961250192963
69.6360570128452
69.3196320982835
69.6207977987582
69.6797502521204
69.5959240315646
69.6660125348462
69.6340144629841
69.588042239955
69.6278642435153
69.5872087982334
69.6181737164193
69.5813457128984
69.8075646102542
69.5133708747409
69.5918643966987
69.5711069377125
69.5993249262947
69.593297005462
69.5617657648076
69.5632437684667
69.5948481554673
69.6412541301857
69.5947382644824
69.6252680636664
69.5930065138491
69.6079255716555
69.7427351861948
69.6566861656844
69.7552968968968
69.6783857556743
69.6017372901648
69.6698400382366
69.6298672061904
69.6359286458408
69.9500356899473
