60.4676551815103
60.4229509765138
60.4949561274065
60.3933030652128
60.4787223098864
60.4183859775456
60.4582129653933
60.478206696942
60.4261775345691
60.4081147953434
60.4459872983317
60.4564762323837
60.4723632541422
60.5062508058891
60.5513301013463
60.4516263403734
60.4214395189544
60.4600315771715
60.4175985511005
60.4928182928772
60.4384228922441
60.4362410550759
60.3543217738363
60.4011347783104
60.4652651126767
60.4095215783123
60.3920799872543
60.4369925649206
60.4308113193089
60.5022054938085
60.3832277822215
60.4232237535455
60.3996654140781
60.3855667458469
60.4346005673303
60.4489601662187
60.4053140473502
60.470769778077
60.4453419414243
60.4145847512039
60.3798047954083
60.3329098954132
60.3432497808417
60.4050326850329
60.3641036026821
60.3732353299783
60.4030381038713
60.4481864100834
60.3482123032442
60.3454838522289
60.3849085350682
60.3524525918492
60.4348968379648
60.4943277629775
60.4016954563637
60.4740457669771
