42.9753881156454
42.8893884606375
42.9297882923738
42.8716120144564
42.9316212826329
42.9169550884187
42.8450202224509
42.9151835211895
42.8883115418763
42.9060550065225
42.9451836280012
42.8847401987169
42.9215698926349
42.8643985385247
42.932072154955
42.8915291069208
42.966589731893
42.9268602393989
42.901115688285
42.9722397362978
42.8727357456216
42.9131573496789
42.870358353461
42.8927134628933
42.8691463163396
42.9053713669291
42.9123085092081
42.845556491992
42.9006305756329
42.8701518418494
42.8953112467049
42.8509205979871
42.8563135811849
42.9220581300015
42.8589822396924
42.9307714703188
42.8930595214163
42.82475542472
42.9264848735456
42.8149402389802
42.8685357611683
42.8767021794535
42.8793208180133
42.9061073108996
42.7908964108233
42.8439111136939
42.8638585107223
42.8462878982158
42.8519736563812
42.7887036460588
42.8514161949808
42.7659496242487
42.8344172288907
42.8636799170954
42.8437638696263
42.8298124942419
