28.0471710366595
28.0872729140588
28.0247155863646
28.0820321528611
28.0020810979065
28.0463117780751
28.0734303362076
28.0959365991354
28.0854122241859
28.0324550946826
28.0677633206258
28.071367455677
27.9941015251243
28.0907883010975
28.0228857431039
28.0791948267492
28.029488038524
28.016225770568
28.0747025228546
27.9357054216845
28.0443430662497
28.0352114685528
27.9809750438381
28.0469602138546
27.9664340071276
28.0619811622938
27.9965526282749
28.0347662994982
28.0850743157481
28.0740011108235
28.0681733427855
28.038349705124
28.0386048559346
27.9438706147938
27.9991968603249
27.9861729658213
27.9525625525929
28.0344526767308
27.9454286017239
27.9714791920178
27.9490936973328
28.0213600828512
28.0076766124741
27.9712298887587
27.9217177567027
27.9291813152197
27.9643435413853
27.9663985465978
27.9704832170706
28.0074156017905
28.0172942190659
27.900572901785
27.9118750164918
27.9704497268534
27.977647551158
27.9952122316171
27.9986367562784
27.897476264691
