18.6028080066076
18.5731986568371
18.6443118149802
18.5310151241231
18.6539083174826
18.5204377648888
18.5688140464385
18.6375198672887
18.5523478185616
18.5897752033689
18.600320497511
18.5899293249545
18.6295606448254
18.5716862277744
18.6341739493325
18.6226735338552
18.600974047104
18.6328414718441
18.6101059803369
18.6789466989696
18.5405380928947
18.5088767102235
18.7269143829739
18.681002642685
18.6544235346406
18.6450757720179
18.6291894232337
18.6305009670962
18.6087709391184
18.6359762882146
18.5546269718895
18.6977914778989
18.6617374491679
18.6385741279843
18.6129515705526
18.628588368693
18.6278890714694
18.6147481370992
18.6038347898201
18.6361350587886
18.6433429553331
18.6180454419942
18.5601647058006
18.6823655922764
18.6076189908866
18.6476548394677
18.5926909722533
18.6046104814959
18.6191282263614
18.5871053079356
18.6721928382207
18.6215556742576
18.6814088667597
18.6196859091755
18.5975905560812
18.6166118091291
