13.0282404519899
13.1529236543659
13.1250323915308
13.1116050090337
13.0722862139452
13.1065192787825
13.0784486184737
13.1268242522386
13.0970308493649
13.0750205788998
12.9865906890987
13.0990127527862
13.1075211106078
13.0799221600234
12.8565372066909
13.0482902465101
13.0873747179995
13.1907383699921
13.1133322196898
13.1360986757255
13.0631980734181
13.1315153346021
13.1517288891174
13.0392285590095
13.0732215388144
13.0546677716492
13.0837747853804
13.1147259252347
13.0812245523638
13.1278934090349
13.0705387401945
13.1090126660173
13.1100103431288
13.110379137846
13.1190866345909
13.0906430963079
13.1904981755458
13.0790332548422
13.088709412811
13.0986361646543
13.0437170690758
12.8411536625887
13.0153001977266
13.1161111746411
13.1459383778336
13.1218610315373
13.1125781277356
13.1214119623417
13.1015956992486
13.0525592824105
13.0544226932261
13.1723843849733
13.0352437377963
13.1799344782922
12.8812883830357
13.0768408845429
