9.42135185238595
9.39065779688725
9.45528838981923
9.52226746302452
9.42776586280645
9.47413680295756
9.4783706176167
9.45057013436244
9.4891845177155
9.48945387480025
9.49009821360085
9.44749427623764
9.45686205411587
9.46458852101277
9.48513813471955
9.41505968875212
9.48983775590307
9.46670064573508
9.45678414638381
9.46558637770484
9.44246436054211
9.48487209092547
9.4394916320385
9.51719287206097
9.4562611634653
9.49094264291657
9.45604666696659
9.46306707397515
9.45273793828864
9.44491694417561
9.50409944062007
9.5097560269988
9.44381228909932
9.49021933676427
9.5329915383368
9.44699031413966
9.46964460063515
9.53350772774407
9.47118342544664
9.4748247642553
9.44190890898835
9.47373618122878
9.50392356185192
9.45240395075841
9.50054166597288
9.39743814854946
9.42194724625787
9.97726448724425
9.26874671665368
9.50954021030717
9.46550309181048
9.491082609567
9.44088933421897
9.45724443457624
9.50185999581779
9.45485835841741
