6.94258594594277
6.99059641829173
6.99464242568357
7.03691811247309
6.9725501862363
7.1142166464177
6.94939721210028
6.99711471736684
6.96470341574816
7.00585956919921
7.00923063156206
6.9680927375106
6.97459654288143
6.98917247088642
7.01675818521306
7.05557687135525
6.84815498717263
7.00708353899399
7.20711243761976
6.99085272300929
7.01902392714569
7.0041164133406
6.99673734166127
6.99323913182401
6.98696632009981
7.03305166671766
6.96565059488131
7.05510133823441
6.92118870696466
7.00167470534816
6.92431919612298
7.00958270210653
7.01677087731036
7.02916555666449
7.00473952983705
7.22683317126652
7.0063880338189
7.0845020731779
6.91958784952049
7.00420240788754
7.00061640935501
6.99283298350281
6.92363250743796
7.05148683174595
7.04624835620525
6.91854598600191
7.01069781313725
7.04747256596891
7.02441033702588
7.018378026897
6.99491900206583
7.03335765269604
7.00047609951645
7.06284538716371
6.95039882378822
6.97778788389364
