5.41506299017222
5.39131096935329
5.27441869552979
5.40950517855472
5.27680025391409
5.3877362555096
5.35134610469268
5.31124397958813
5.30336925804503
5.32464615075808
5.35563791591832
5.33075495193812
5.32219576811099
5.38465450954121
5.31824591211492
5.37940501012134
5.32038936328948
5.36153880767821
5.35955794697909
5.3342898871949
5.33643367029773
5.32560357271074
5.33523910078888
5.35681075817935
5.38989009073317
5.33141702985489
5.31981394558617
5.3710068125928
5.35053004649556
5.39176176699029
5.36692768392656
5.33467104831202
5.29017440564347
5.34285564622872
5.32980737838275
5.31461288775797
5.37118516529938
5.31962004693573
5.25277580658707
5.12900317400188
5.49684114475923
5.3931049884456
5.35242784644345
5.35391889864977
5.3335009525586
5.3344534953135
5.3732843214763
5.28095372289089
5.38093386657198
5.27889231782006
5.37018200282318
5.38369812528605
5.35602409623609
5.31577855023079
5.34154774968827
5.3436821776812
